0.000000000000000000e+00 1.000000000000000000e+00
1.000000000000000056e-01 1.000000000000000000e+00
2.000000000000000111e-01 1.000089999999999923e+00
3.000000000000000444e-01 1.000839999999999952e+00
4.000000000000000222e-01 1.003139999999999921e+00
5.000000000000000000e-01 1.008039999999999825e+00
6.000000000000000888e-01 1.016589999999999883e+00
7.000000000000000666e-01 1.029679999999999929e+00
8.000000000000000444e-01 1.047879999999999923e+00
9.000000000000000222e-01 1.071280000000000010e+00
1.000000000000000000e+00 1.099329999999999918e+00
