2.500000000000000139e-02 3.660254037907425539e-01 0.000000000000000000e+00 3.215390309022178599e+02
5.000000000000000278e-02 7.679491924185148921e-01 1.607695154511089441e+01 -4.076951545110893562e+02
1.000000000000000056e-01 1.062177826535197989e+00 -4.307806180443573218e+00 1.092415871421395508e+02
1.500000000000000222e-01 9.833395014406935974e-01 1.154273176663406231e+00 -2.927119405746914182e+01
2.000000000000000111e-01 1.004464167702027400e+00 -3.092865262100505386e-01 7.843189087736923248e+00
2.500000000000000000e-01 9.988038277511962493e-01 8.287292817679554890e-02 -2.101562293478544952e+00
3.000000000000000444e-01 1.000320521293187825e+00 -2.220518649713179929e-02 5.630600861772681043e-01
3.500000000000000333e-01 9.999140870760528932e-01 5.947817811731598812e-03 -1.506780512305238851e-01
4.000000000000000222e-01 1.000023130402601268e+00 -1.586084749794593142e-03 3.965211874482735960e-02
4.500000000000000111e-01 9.999933913135424790e-01 3.965211874467745130e-04 -7.930423748785588034e-03
5.000000000000000000e-01 1.000003304343228816e+00 7.495170933555228565e-15 -7.930423749684993584e-03
5.500000000000000444e-01 9.999933913135421459e-01 -3.965211874767549257e-04 3.965211874752554155e-02
6.000000000000000888e-01 1.000023130402602600e+00 1.586084749899523963e-03 -1.506780512350885670e-01
6.500000000000001332e-01 9.999140870760537814e-01 -5.947817811854894283e-03 5.630600861821689618e-01
7.000000000000001776e-01 1.000320521293188714e+00 2.220518649725358035e-02 -2.101562293482935218e+00
7.500000000000002220e-01 9.988038277511978036e-01 -8.287292817689304036e-02 7.843189087738890564e+00
8.000000000000002665e-01 1.004464167702026733e+00 3.092865262100518708e-01 -2.927119405746729797e+01
8.500000000000003109e-01 9.833395014406951518e-01 -1.154273176663314304e+00 1.092415871421359554e+02
9.000000000000003553e-01 1.062177826535199099e+00 4.307806180443476407e+00 -4.076951545110859456e+02
9.500000000000003997e-01 7.679491924185147811e-01 -1.607695154511084112e+01 3.215390309022172346e+02
