0.000000000000000000e+00 0.000000000000000000e+00
1.000000000000000056e-01 9.000000000000001055e-03
2.000000000000000111e-01 2.500000000000000833e-02
3.000000000000000444e-01 4.600000000000001310e-02
4.000000000000000222e-01 7.000000000000000666e-02
5.000000000000000000e-01 9.500000000000001499e-02
6.000000000000000888e-01 1.190000000000000224e-01
7.000000000000000666e-01 1.400000000000000133e-01
8.000000000000000444e-01 1.559999999999999998e-01
9.000000000000000222e-01 1.650000000000000078e-01
1.000000000000000000e+00 1.650000000000000078e-01
