0.0 1.0
0.02 1.0198000066665778
0.04 1.039200106660978
0.06 1.0582005399352041
0.08 1.0768017063026194
0.1 1.0950041652780258
0.12 1.1128086358538662
0.14 1.130215996212637
0.16 1.147227283375627
0.18 1.1638436927881215
0.2 1.1800665778412416
0.22 1.1958974493306056
0.24 1.2113379748520297
0.26 1.2263899781345131
0.28 1.241055438310771
0.3 1.255336489125606
0.32 1.2692354180824408
0.34 1.2827546655283462
0.36 1.2958968236779347
0.38 1.3086646355765104
0.4 1.321060994002885
0.42 1.3330889403123083
0.44 1.3447516632199634
0.46 1.3560524975255253
0.48 1.3669949227792841
0.5 1.3775825618903728
0.52 1.38781917967765
0.54 1.3977086813638242
0.56 1.4072551110134162
0.58 1.4164626499151869
0.6 1.4253356149096783
0.62 1.433878456662534
0.64 1.4420957578842928
0.66 1.4499922314973652
0.68 1.457572718750928
0.7000000000000001 1.4648421872844883
0.72 1.471805729140895
0.74 1.4784685587295878
0.76 1.484836010740905
0.78 1.4909135380122773
0.8 1.4967067093471655
0.8200000000000001 1.5022212072876135
0.84 1.507462825841308
0.86 1.5124374681640518
0.88 1.5171511441985803
0.9 1.5216099682706643
0.92 1.5258201566434628
0.9400000000000001 1.5297880250310982
0.96 1.5335199860724567
0.98 1.5370225467662173
1.0 1.5403023058681398
