0.0 0.0
0.02 0.23999866669333308
0.04 0.47998933418663414
0.06 0.7199640064794445
0.08 0.9599146939691727
0.1 1.1998334166468283
0.12 1.4397122072889192
0.14 1.6795431146442366
0.16 1.919318206614246
0.18 2.159029573425824
0.2 2.3986693307950615
0.22 2.638229623080869
0.24 2.8777026264271344
0.26 3.1170805518921556
0.28 3.3563556485641137
0.3 3.595520206661339
0.32 3.8345665606161177
0.34 4.073487092140814
0.36 4.31227423327509
0.38 4.550920469412983
0.4 4.789418342308651
0.42 5.02776045305957
0.44 5.265939465065999
0.46 5.50394810696552
0.48 5.741779175541482
0.5 5.979425538604203
0.52 6.216880137843737
0.54 6.454135991653113
0.56 6.691186197920883
0.58 6.928023936791874
0.6 7.164642473395035
0.62 7.4010351605373055
0.64 7.637195441362392
0.66 7.8731168519734345
0.68 8.10879302401847
0.7000000000000001 8.344217687237693
0.72 8.579384671971473
0.74 8.814287911628146
0.76 9.048921445110551
0.78 9.28327941920041
0.8 9.517356090899524
0.8200000000000001 9.751145829726898
0.84 9.98464311997086
0.86 10.217842562895276
0.88 10.450738878898969
0.9 10.683326909627484
0.92 10.915601620036368
0.9400000000000001 11.147558100405114
0.96 11.379191568300996
0.98 11.61049737049197
1.0 11.841470984807897
