0.0 0.0
0.02 0.0196
0.04 0.0384
0.06 0.05639999999999999
0.08 0.0736
0.1 0.09000000000000001
0.12 0.1056
0.14 0.12040000000000001
0.16 0.1344
0.18 0.1476
0.2 0.16000000000000003
0.22 0.1716
0.24 0.1824
0.26 0.19240000000000002
0.28 0.2016
0.3 0.21
0.32 0.2176
0.34 0.2244
0.36 0.2304
0.38 0.2356
0.4 0.24
0.42 0.2436
0.44 0.24640000000000004
0.46 0.24840000000000004
0.48 0.2496
0.5 0.25
0.52 0.2496
0.54 0.2484
0.56 0.24639999999999998
0.58 0.2436
0.6 0.24
0.62 0.2356
0.64 0.2304
0.66 0.2244
0.68 0.2176
0.7000000000000001 0.20999999999999996
0.72 0.2016
0.74 0.19240000000000002
0.76 0.1824
0.78 0.17159999999999997
0.8 0.15999999999999998
0.8200000000000001 0.14759999999999995
0.84 0.13440000000000002
0.86 0.12040000000000001
0.88 0.1056
0.9 0.08999999999999998
0.92 0.07359999999999997
0.9400000000000001 0.05639999999999995
0.96 0.03840000000000003
0.98 0.019600000000000017
1.0 0.0
