0.000000000000000000e+00 1.000000000000000000e+00
1.000000000000000056e-01 8.000000000000000444e-01
2.000000000000000111e-01 6.410000000000000142e-01
3.000000000000000444e-01 5.167999999999999261e-01
4.000000000000000222e-01 4.224399999999999822e-01
5.000000000000000000e-01 3.539519999999999889e-01
6.000000000000000888e-01 3.081615999999999245e-01
7.000000000000000666e-01 2.825292799999999382e-01
8.000000000000000444e-01 2.750234239999999608e-01
9.000000000000000222e-01 2.840187391999999811e-01
1.000000000000000000e+00 3.082149913599999680e-01
